AL, 07,  2017082418  , HU, 0,  244  936  70  978   80,   40,   30,   60,   30,   20,   20,   30,   20,    0,  15      0,
AL, 07,  2017082500  , HU, 0,  250  944  80  973   90,   50,   40,   60,   30,   20,   20,   30,   20,   10,  10     10,
AL, 07,  2017082506  , HU, 0,  256  951  90  966  120,   50,   40,   90,   30,   30,   20,   30,   20,   20,  10     20,
AL, 07,  2017082512  , HU, 0,  263  958  95  949  120,   90,   80,  100,   50,   40,   40,   30,   30,   20,  10     20,
AL, 07,  2017082518  , HU, 0,  271  963 105  943  120,   90,   80,  100,   50,   40,   40,   40,   30,   25,  15     25,
AL, 07,  2017082600  , HU, 0,  278  968 115  941  120,   90,   80,   70,   60,   40,   40,   40,   35,   25,  15     25,
AL, 07,  2017082603 L, HU, 0,  280  969 115  937  120,   90,   80,   70,   60,   40,   40,   40,   35,   25,  10     25,
AL, 07,  2017082606 L, HU, 0,  282  971 105  948  120,  100,   70,   70,   50,   50,   30,   40,   30,   25,  10     25,
AL, 07,  2017082612  , HU, 0,  287  973  65  978  120,  100,   70,   70,   50,   50,   30,   40,   25,   20,  10     20,
AL, 07,  2017082618  , TS, 0,  290  975  50  991   75,  100,   30,   50,   40,   40,   20,   30,    0,    0,  10     0,
AL, 07,  2017082700  , TS, 0,  292  974  45  995   50,  100,   30,   50,    0,    0,    0,    0,    0,    0,  20      0,
AL, 07,  2017082706  , TS, 0,  293  976  40  998   50,  100,   30,   50,    0,    0,    0,    0,    0,    0,  20      0,
AL, 07,  2017082712  , TS, 0,  291  975  35  998  150,   60,    0,   30,    0,    0,    0,    0,    0,    0, 100      0,
AL, 07,  2017082718  , TS, 0,  290  972  35  998  120,   60,   30,   60,    0,    0,    0,    0,    0,    0,  90      0,
AL, 07,  2017082800  , TS, 0,  288  968  35  997  120,   60,   30,   60,    0,    0,    0,    0,    0,    0,  90      0,
AL, 07,  2017082806  , TS, 0,  286  965  40  997  150,  150,   30,   60,    0,    0,    0,    0,    0,    0,  90      0,
AL, 07,  2017082812  , TS, 0,  285  962  40  997  150,  150,   30,    0,    0,    0,    0,    0,    0,    0,  60      0,
AL, 07,  2017082818  , TS, 0,  284  959  40  997  150,  150,   60,    0,    0,    0,    0,    0,    0,    0,  60      0,
AL, 07,  2017082900  , TS, 0,  282  954  40  996  150,  150,   60,   60,    0,    0,    0,    0,    0,    0,  60      0,
AL, 07,  2017082906  , TS, 0,  281  950  40  996  150,  150,   60,   60,    0,    0,    0,    0,    0,    0,  60      0,
AL, 07,  2017082912  , TS, 0,  282  946  40  995  140,  140,   60,   60,    0,    0,    0,    0,    0,    0,  60      0,
AL, 07,  2017082918  , TS, 0,  285  942  45  993  100,  140,   60,   60,    0,    0,    0,    0,    0,    0,  60      0,
AL, 07,  2017083000  , TS, 0,  289  938  45  994  100,  140,   60,   60,    0,    0,    0,    0,    0,    0,  60      0,
AL, 07,  2017083006  , TS, 0,  294  936  40  990   70,   70,   70,   70,    0,    0,    0,    0,    0,    0,  50      0,
AL, 07,  2017083008 L, TS, 0,  298  935  40  991   60,   60,   70,   70,    0,    0,    0,    0,    0,    0,  50      0,
AL, 07,  2017083012  , TS, 0,  301  934  40  992   40,   60,   70,   40,    0,    0,    0,    0,    0,    0,  40      0,
AL, 07,  2017083018  , TS, 0,  306  931  35  996    0,   60,   70,    0,    0,    0,    0,    0,    0,    0,  70      0,
